%YAML:1.0
---
K: !!opencv-matrix
   rows: 3
   cols: 3
   dt: d
   data: [ 3.4282342621186917e+03, 0., 5.8492539985078872e+02, 0.,
       3.4307180137736227e+03, 3.9762805716217571e+02, 0., 0., 1. ]
D: !!opencv-matrix
   rows: 1
   cols: 5
   dt: d
   data: [ -3.2728658644963399e-01, -3.7426333714414590e+00,
       -1.1636502963546388e-03, 1.9210369248074133e-03,
       4.8738196170909852e+01 ]
