%YAML:1.0
---
K: !!opencv-matrix
   rows: 3
   cols: 3
   dt: d
   data: [ 4.8672516529450268e+03, 0., 8.6721913003296606e+02, 0.,
       4.8342721349834974e+03, 5.6766429521805446e+02, 0., 0., 1. ]
D: !!opencv-matrix
   rows: 1
   cols: 5
   dt: d
   data: [ -4.1537882678358434e-01, 1.1559861246670058e-01,
       1.7994519558784615e-03, 1.3499632712320707e-03,
       3.0006172384779313e+00 ]
