%YAML:1.0
---
H: !!opencv-matrix
   rows: 3
   cols: 3
   dt: d
   data: [  1.4162952571336898e+00, -1.0272416855624227e-02,
            5.6968813544405364e+01, 1.4842921663035491e-02,
            1.3935753508359128e+00, 1.0792638259289236e+01,
            1.2498370634317314e-05, -6.2418078407251730e-07, 1. ]
